intrinsic:
1472.7174986392151 0.0 653.4950541099447 
0.0 1476.8572267258476 352.2331194519524 
0.0 0.0 1.0 
distortion:
0.038074218260800465 -2.970720408461983 -0.0010008799136015489 -0.0054053116206265375 23.89979217508157 
