intrinsic:
1472.7174986379941 0.0 653.495054109987 
0.0 1476.8572267257966 352.23311945202806 
0.0 0.0 1.0 
distortion:
0.03807421831572336 -2.9707204086424426 -0.001000879915154998 -0.005405311621801314 23.89979216499791 
